125
242
144
244
170
189
77
50
152
20
26
130
20
20
30
81
249
1
142
214
244
39
15
244
227
64
65
190
196
35
118
233
151
221
60
116
34
101
62
127
206
69
46
13
156
100
216
133
7
115
48
118
187
72
185
179
23
137
181
141
245
136
184
193
13
77
59
104
158
144
90
200
195
108
43
73
180
127
178
59
90
162
184
96
236
178
255
115
129
47
58
145
56
12
146
229
176
151
146
66
214
66
224
95
146
239
74
159
247
214
46
25
200
207
144
253
72
90
125
205
207
194
213
63
143
24
195
146
169
167
190
245
207
68
223
241
219
58
118
17
206
255
88
3
69
153
207
246
140
122
176
74
117
232
158
82
53
159
19
209
82
122
49
204
65
71
26
116
245
138
207
43
181
1
169
242
55
101
18
229
208
121
143
151
3
25
169
120
106
213
187
85
55
235
3
251
224
206
59
247
119
34
22
24
133
162
211
162
13
4
234
142
25
246
185
93
88
216
1
25
108
106
121
167
151
62
100
10
95
252
129
27
219
202
13
147
149
127
157
177
150
173
205
240
242
216
60
136
234
63
130
156
113
155
210
200
